0,309
0,306
0,301
0,409
0,407
0,410
0,437
0,436
0,435
0,434
0,433
0,432
0,431
0,430
0,429
0,428
0,427
0,426
0,425
0,424
0,423
0,422
0,421
0,399
0,398
0,397
0,396
0,395
0,394
0,393
0,392
0,416
0,391
0,390
0,415
0,389
0,388
0,387
0,386
35,4
35,2
35,5
0,385
35,1
35,3
0,414
0,384
0,413
0,383
0,382
0,381
0,380
0,412
0,379
0,378
0,377
0,406
0,376
0,375
0,374
0,373
0,372
0,371
0,370
31,3
0,405
28,3
0,368
26,3
0,300
0,299
0,298
0,297
0,296
0,295
0,294
0,293
0,292
0,291
0,290
0,289
0,288
0,287
0,286
0,285
0,284
0,283
0,282
0,281
0,280
0,279
0,278
0,277
0,276
0,275
0,274
0,273
0,272
0,271
0,270
0,269
0,268
0,267
0,266
0,265
0,264
0,263
0,262
0,261
0,260
0,259
0,258
0,257
0,256
0,255
0,254
0,253
0,252
0,251
0,250
0,249
0,248
0,247
0,246
0,245
0,244
0,242
0,241
0,240
0,239
0,238
0,237
0,236
0,235
0,234
0,233
0,232
0,228
0,227
0,226
0,225
0,224
0,223
0,222
0,221
0,220
0,219
0,218
0,217
0,216
0,215
0,214
0,213
0,212
0,211
0,210
0,209
0,208
0,207
0,206
0,205
0,204
0,203
0,202
0,201
0,200
0,198
0,197
0,196
0,195
0,194
0,193
0,192
0,63
0,62
0,61
0,60
0,59
0,58
0,57
0,56
0,55
0,54
0,53
0,52
0,47
0,46
0,45
0,6
0,231
0,367
29,3
10,3
0,230
0,366
5,4
11,3
0,229
0,365
14,3
0,361
0,369
0,363
0,362
0,199
0,51
0,50
0,49
0,48
0,360
0,359
0,358
0,357
0,356
0,355
0,352
2,5
2,3
0,351
1,3
0,304
0,303
41,3
41,2
0,12
0,11
0,307
0,308
0,10
0,1
0,9
0,350
0,8
41,1
41,0
0,7
0,349
4,3
18,3
20,3
15,3
8,3
9,3
0,348
0,310
33,4
38,4
40,4
33,1
33,3
